1e+02 0e+00 0e+00 0e+00 0e+00 0e+00 0e+00 0e+00 1e+02
0e+00 0e+00 1e+02 0e+00 0e+00 0e+00 0e+00 0e+00 0e+00
0e+00 0e+00 1e+02 0e+00 0e+00 0e+00 0e+00 0e+00 0e+00
0e+00 0e+00 1e+02 0e+00 0e+00 0e+00 0e+00 0e+00 0e+00
0e+00 1e+02 0e+00 0e+00 0e+00 0e+00 1e+02 1e+02 1e+02
0e+00 0e+00 1e+02 0e+00 0e+00 0e+00 0e+00 0e+00 0e+00
0e+00 0e+00 1e+02 0e+00 0e+00 0e+00 0e+00 0e+00 0e+00
0e+00 0e+00 1e+02 0e+00 0e+00 0e+00 0e+00 0e+00 0e+00
1e+02 0e+00 0e+00 0e+00 0e+00 0e+00 0e+00 0e+00 1e+02
0e+00 0e+00 1e+02 0e+00 0e+00 0e+00 0e+00 0e+00 0e+00
1e+02 0e+00 1e+02 0e+00 0e+00 0e+00 0e+00 0e+00 0e+00
0e+00 0e+00 1e+02 0e+00 0e+00 0e+00 0e+00 0e+00 0e+00
0e+00 1e+02 0e+00 0e+00 0e+00 0e+00 1e+02 1e+02 1e+02
0e+00 0e+00 1e+02 0e+00 0e+00 0e+00 0e+00 0e+00 0e+00
0e+00 0e+00 1e+02 0e+00 0e+00 0e+00 0e+00 0e+00 0e+00
0e+00 0e+00 1e+02 0e+00 0e+00 0e+00 0e+00 0e+00 0e+00
1e+02 0e+00 0e+00 0e+00 0e+00 0e+00 0e+00 0e+00 1e+02
0e+00 0e+00 1e+02 0e+00 0e+00 0e+00 0e+00 0e+00 0e+00
0e+00 0e+00 1e+02 0e+00 0e+00 0e+00 0e+00 0e+00 0e+00
0e+00 0e+00 1e+02 0e+00 0e+00 0e+00 0e+00 0e+00 0e+00
0e+00 1e+02 0e+00 0e+00 0e+00 0e+00 1e+02 1e+02 1e+02
0e+00 0e+00 1e+02 0e+00 0e+00 0e+00 0e+00 0e+00 0e+00
0e+00 0e+00 1e+02 0e+00 0e+00 0e+00 0e+00 0e+00 0e+00
0e+00 0e+00 1e+02 0e+00 0e+00 0e+00 0e+00 0e+00 0e+00
1e+02 0e+00 0e+00 0e+00 0e+00 0e+00 0e+00 0e+00 1e+02
0e+00 0e+00 1e+02 0e+00 0e+00 0e+00 0e+00 0e+00 0e+00
1e+02 0e+00 1e+02 0e+00 0e+00 0e+00 0e+00 0e+00 0e+00
0e+00 0e+00 1e+02 0e+00 0e+00 0e+00 0e+00 0e+00 0e+00
0e+00 1e+02 0e+00 0e+00 0e+00 0e+00 1e+02 1e+02 1e+02
0e+00 0e+00 1e+02 0e+00 0e+00 0e+00 0e+00 0e+00 0e+00
0e+00 0e+00 1e+02 0e+00 0e+00 0e+00 0e+00 0e+00 0e+00
0e+00 0e+00 1e+02 0e+00 0e+00 0e+00 0e+00 0e+00 0e+00
1e+02 0e+00 1e+02 0e+00 0e+00 0e+00 0e+00 1e+02 1e+02
0e+00 0e+00 1e+02 0e+00 0e+00 0e+00 0e+00 0e+00 0e+00
0e+00 0e+00 1e+02 0e+00 0e+00 0e+00 0e+00 0e+00 1e+02
0e+00 0e+00 1e+02 0e+00 0e+00 0e+00 0e+00 0e+00 0e+00
0e+00 1e+02 0e+00 0e+00 0e+00 0e+00 1e+02 1e+02 1e+02
0e+00 0e+00 1e+02 0e+00 1e+02 1e+02 0e+00 0e+00 1e+02
1e+02 0e+00 1e+02 0e+00 0e+00 0e+00 0e+00 0e+00 1e+02
0e+00 0e+00 1e+02 0e+00 0e+00 0e+00 0e+00 0e+00 0e+00
1e+02 0e+00 1e+02 0e+00 0e+00 0e+00 0e+00 0e+00 1e+02
0e+00 0e+00 1e+02 0e+00 0e+00 0e+00 0e+00 0e+00 0e+00
1e+02 0e+00 1e+02 0e+00 0e+00 0e+00 0e+00 0e+00 1e+02
0e+00 0e+00 1e+02 0e+00 0e+00 0e+00 0e+00 0e+00 0e+00
0e+00 1e+02 1e+02 0e+00 0e+00 0e+00 1e+02 1e+02 1e+02
0e+00 0e+00 1e+02 0e+00 1e+02 0e+00 0e+00 0e+00 0e+00
1e+02 0e+00 1e+02 0e+00 0e+00 0e+00 0e+00 0e+00 1e+02
0e+00 0e+00 1e+02 0e+00 0e+00 0e+00 0e+00 0e+00 0e+00
1e+02 0e+00 1e+02 0e+00 0e+00 0e+00 0e+00 1e+02 1e+02
0e+00 0e+00 1e+02 0e+00 0e+00 0e+00 0e+00 0e+00 0e+00
0e+00 0e+00 1e+02 0e+00 0e+00 0e+00 0e+00 0e+00 1e+02
0e+00 0e+00 1e+02 0e+00 0e+00 0e+00 0e+00 0e+00 0e+00
0e+00 1e+02 0e+00 0e+00 0e+00 0e+00 1e+02 1e+02 1e+02
0e+00 0e+00 1e+02 0e+00 1e+02 1e+02 0e+00 0e+00 1e+02
1e+02 0e+00 1e+02 0e+00 0e+00 0e+00 0e+00 0e+00 1e+02
0e+00 0e+00 1e+02 0e+00 0e+00 0e+00 0e+00 0e+00 0e+00
1e+02 0e+00 1e+02 0e+00 0e+00 0e+00 0e+00 0e+00 1e+02
0e+00 0e+00 1e+02 0e+00 0e+00 0e+00 0e+00 0e+00 0e+00
1e+02 0e+00 1e+02 0e+00 0e+00 0e+00 0e+00 0e+00 1e+02
0e+00 0e+00 1e+02 0e+00 0e+00 0e+00 0e+00 0e+00 0e+00
0e+00 1e+02 1e+02 0e+00 0e+00 0e+00 1e+02 1e+02 1e+02
0e+00 0e+00 1e+02 0e+00 1e+02 0e+00 0e+00 0e+00 0e+00
1e+02 0e+00 1e+02 0e+00 0e+00 0e+00 0e+00 0e+00 1e+02
0e+00 0e+00 1e+02 0e+00 0e+00 0e+00 0e+00 0e+00 0e+00
1e+02 0e+00 1e+02 0e+00 0e+00 0e+00 0e+00 1e+02 1e+02
0e+00 0e+00 1e+02 0e+00 0e+00 0e+00 0e+00 0e+00 0e+00
0e+00 0e+00 1e+02 0e+00 0e+00 0e+00 0e+00 0e+00 1e+02
0e+00 0e+00 1e+02 0e+00 0e+00 0e+00 0e+00 0e+00 0e+00
0e+00 1e+02 0e+00 0e+00 0e+00 0e+00 1e+02 1e+02 1e+02
0e+00 0e+00 1e+02 0e+00 1e+02 1e+02 0e+00 0e+00 1e+02
1e+02 0e+00 1e+02 0e+00 0e+00 0e+00 0e+00 0e+00 1e+02
0e+00 0e+00 1e+02 0e+00 0e+00 0e+00 0e+00 0e+00 0e+00
1e+02 0e+00 1e+02 0e+00 0e+00 0e+00 0e+00 0e+00 1e+02
0e+00 0e+00 1e+02 0e+00 0e+00 0e+00 0e+00 0e+00 0e+00
1e+02 0e+00 1e+02 0e+00 0e+00 0e+00 0e+00 0e+00 1e+02
0e+00 0e+00 1e+02 0e+00 0e+00 0e+00 0e+00 0e+00 0e+00
0e+00 1e+02 1e+02 0e+00 0e+00 0e+00 1e+02 1e+02 1e+02
0e+00 0e+00 1e+02 0e+00 1e+02 0e+00 0e+00 0e+00 0e+00
1e+02 0e+00 1e+02 0e+00 0e+00 0e+00 0e+00 0e+00 1e+02
0e+00 0e+00 1e+02 0e+00 0e+00 0e+00 0e+00 0e+00 0e+00
